======================================================================================================================
  SPIDER_KNEE — СРАВНЕНИЕ ВАРИАНТОВ
======================================================================================================================
Вход: 3.3 Н·м, 150 об/мин    Требуется: T_out >= 60 Н·м, Ø <= 180 мм    KA = 1.3

----------------------------------------------------------------------------------------------------------------------
Краткая сводка (SF_min, SH_min, SH_pess — минимум среди всех зацеплений)
----------------------------------------------------------------------------------------------------------------------
Имя файла                                                       i  T_out      Ø   Lax SF_min SH_min SH_pess
----------------------------------------------------------------------------------------------------------------------
i20_5x4_m1.5-Z18-27-72_m2-Z18-18-54                            20   53.5  120.0    78   1.95   0.84    0.53
i24_6x4_m1.25-Z18-36-90_m2-Z18-18-54_b22x30_s2-D16T            24   64.2  120.0    82   1.63   0.82    0.48
i25_5x5_m1.5-Z18-27-72_m1.5-Z20-30-80_b18x30                   25   66.8  129.0    78   1.40   0.84    0.49
i24_6x4_m1.5-Z18-36-90_m2-Z18-18-54_b30x30                     24   64.2  144.0    90   1.63   0.90    0.48
i24_6x4_m1.5-Z18-36-90_m2-Z18-18-54_b45x30                     24   64.2  144.0   105   1.63   0.90    0.48
i24_6x4_m1.5-Z24-48-120_m2-Z18-18-54                           24   64.2  189.0    90   1.63   0.90    0.48
i24_6x4_m1.5-Z18-36-90_m2-Z18-18-54_b60x30                     24   64.2  144.0   120   1.63   0.90    0.48
i24_6x4_m1.25-Z18-36-90_m2-Z18-18-54_b22x30_s1-D16T_s2-D16T    24   64.2  120.0    82   1.63   0.90    0.48
i24_6x4_m1.25-Z24-48-120_m2-Z18-18-54_b40x30                   24   64.2  157.5   100   1.63   0.90    0.48
i24_6x4_m1.25-Z24-48-120_m2-Z18-18-54_b50x30                   24   64.2  157.5   110   1.63   0.90    0.48
i24_4x6_m2-Z18-27-72_m1.5-Z18-36-90_b30x30                     24   64.2  156.0    90   1.64   1.23    0.52
i24_4x6_m2-Z18-27-72_m1.5-Z18-36-90_b45x30                     24   64.2  156.0   105   1.64   1.23    0.52
i24_6x4_m1.25-Z18-36-90_m1.5-Z24-24-72_b30x50                  24   64.2  120.0   110   2.22   0.96    0.63
i24_6x4_m1.25-Z18-36-90_m1.5-Z24-24-72_b30x60                  24   64.2  120.0   120   2.66   0.96    0.69
i24_6x4_m1.25-Z18-36-90_m1.5-Z24-24-72_b40x50                  24   64.2  120.0   120   2.12   1.10    0.63
i24_6x4_m1.25-Z18-36-90_m1.5-Z24-24-72_b45x60                  24   64.2  120.0   135   2.54   1.17    0.69
i25_5x5_m1.5-Z18-27-72_m1.5-Z20-30-80_b30x50                   25   66.8  129.0   110   2.34   1.09    0.63
i24_6x4_m1.25-Z18-36-90_m1.5-Z24-24-72_b60x60                  24   64.2  120.0   150   2.54   1.27    0.69
i24_6x4_m1.5-Z18-36-90_m1.5-Z24-24-72                          24   64.2  144.0   120   2.12   1.16    0.63
i24_6x4_m1.25-Z24-48-120_m1.5-Z24-24-72                        24   64.2  157.5   130   2.54   1.27    0.69
i24_4x6_m2-Z18-18-54_m1.5-Z16-32-80_b30x60                     24   64.2  129.0   120   2.71   1.31    0.64
i24_4x6_m2-Z18-18-54_m1.5-Z16-32-80_b40x60                     24   64.2  129.0   130   2.71   1.51    0.64
i24_4x6_m2-Z18-18-54_m1.5-Z16-32-80_b50x60                     24   64.2  129.0   140   2.71   1.54    0.64
i24_4x6_m2-Z18-18-54_m1.5-Z20-40-100                           24   64.2  159.0   120   3.73   1.31    0.82
i24_6x4_m1.25-Z18-36-90_m2-Z24-24-72_b60x80                    24   64.2  156.0   170   4.52   1.35    0.92
i24_6x4_m1.25-Z24-48-120_m2-Z24-24-72_b40x80                   24   64.2  157.5   150   4.52   1.49    0.92
i24_6x4_m1.25-Z18-36-90_m2-Z24-24-72_b45x60                    24   64.2  156.0   135   3.39   1.17    0.80
i24_4x6_m2-Z18-18-54_m1.5-Z18-36-90                            24   64.2  144.0    95   1.23   1.06    0.45
i24_6x4_m1.25-Z24-48-120_m2-Z24-24-72_b40x60                   24   64.2  157.5   130   4.52   1.49    0.92
i24_6x4_m1.25-Z24-48-120_m2-Z24-24-72_b30x50                   24   64.2  157.5   110   3.77   1.29    0.84
i20_4x5_m2-Z18-18-54_m1.75-Z24-36-96_b30x60                    20   53.5  178.5   120   5.67   1.31    1.09
i20_4x5_m2-Z18-18-54_m1.75-Z24-36-96_b35x100                   20   53.5  178.5   165   7.69   1.41    1.41
i20_4x5_m2-Z18-18-54_m1.75-Z24-36-96_b55x100                   20   53.5  178.5   185   9.45   1.77    1.77
i20_5x4_m1.5-Z18-27-72_m2-Z24-24-72_b40x60                     20   53.5  156.0   130   5.42   1.26    1.26
i20_5x4_m1.5-Z18-27-72_m2-Z24-24-72_b35x50                     20   53.5  156.0   115   4.52   1.17    1.17
i20_5x4_m1.5-Z24-36-96_m2-Z30-30-90                            20   53.5  192.0   115   6.24   1.57    1.57
i25_5x5_m1.5-Z24-36-96_m1.75-Z33-33-99                         25   66.8  183.8   120   5.91   1.59    1.59
i20_5x4_m1.5-Z24-36-96_m2.25-Z26-26-78                         20   53.5  189.0   115   6.65   1.52    1.52
i20_5x4_m1.5-Z24-36-96_m2.5-Z28-28-84_b35x40                   20   53.5  225.0   105   6.91   1.59    1.59
i20_5x4_m1.5-Z24-36-96_m2.5-Z28-28-84_b30x30                   20   53.5  225.0    90   5.39   1.42    1.42
i20_5x4_m1.5-Z24-36-96_m3-Z28-28-84                            20   53.5  270.0    90   5.92   1.47    1.47
i20_5x4_m1.5-Z24-36-96_m2-Z28-28-84_b40x60                     20   53.5  180.0   130   6.90   1.60    1.60
i20_5x4_m1.5-Z24-36-96_m2-Z28-28-84_b30x50                     20   53.5  180.0   110   5.75   1.46    1.46
i20_5x4_m1.5-Z18-27-72_m2-Z28-28-84_b40x60                     20   53.5  180.0   130   5.57   1.26    1.26
i20_5x4_m1.5-Z18-27-72_m2-Z28-28-84_b35x50                     20   53.5  180.0   115   4.88   1.17    1.17
i20_5x4_m1.5-Z18-27-72_m2-Z28-28-84_b35x45                     20   53.5  180.0   110   4.88   1.17    1.17
i20_5x4_m1.5-Z18-27-72_m2-Z24-24-72_b35x40                     20   53.5  156.0   105   3.62   1.11    1.11
i20_4x5_m1.5-Z24-24-72_m1.75-Z24-36-96_b40x80                  20   53.5  178.5   150   7.19   1.53    1.53
i20_4x5_m1.5-Z24-24-72_m1.75-Z24-36-96_b50x90                  20   53.5  178.5   170   8.51   1.72    1.72
i20_5x4_m1.5-Z18-27-72_m2-Z24-24-72_b22x35                     20   53.5  156.0    87   2.82   1.40    1.40
i20_5x4_m1.5-Z18-27-72_m2-Z24-24-72_b30x45_s1-POM_C_p1-POM_C_r1-PETG_s2-POM_C_p2-POM_C_r2-PETG   20   53.5  156.0   105   3.85   1.64    1.64
i20_5x4_m1.5-Z18-27-72_m2-Z24-24-72_b35x55_s1-POM_C_p1-POM_C_r1-PETG_s2-POM_C_p2-POM_C_r2-PETG   20   53.5  156.0   120   4.49   1.77    1.77
i24_6x4_m1.25-Z18-36-90_m2-Z18-18-54_b22x35_s1-POM_C_p1-POM_C_r1-PETG_s2-POM_C_p2-POM_C_r2-PETG   24   64.2  120.0    87   1.91   1.01    1.01
i24_6x4_m1.25-Z18-36-90_m2-Z18-18-54_b30x45_s1-POM_C_p1-POM_C_r1-PETG_s2-POM_C_p2-POM_C_r2-PETG   24   64.2  120.0   105   2.46   1.15    1.15
i24_6x4_m1.25-Z18-36-90_m2-Z18-18-54_b40x55                    24   64.2  120.0   125   3.00   1.27    1.27
i24_6x4_m1.25-Z18-36-90_m2-Z24-24-72_b30x40                    24   64.2  156.0   100   2.73   1.44    1.44
i20_5x4_m1.5-Z18-27-72_m2-Z24-24-72_b25x40                     20   53.5  156.0    95   3.21   1.49    1.49
i20_5x4_m1.5-Z18-27-72_m2-Z24-24-72_b28x40                     20   53.5  156.0    98   3.59   1.58    1.58
i24_6x4_m1.25-Z18-36-90_m2-Z24-24-72_b30x50                    24   64.2  156.0   110   2.73   1.45    1.45
i30_6x5_m1.25-Z18-36-90_m1.25-Z24-48-120                       30   80.2  157.5   105   1.37   1.19    1.19
i24_6x4_m1.5-Z18-36-90_m2-Z24-24-72_b22x35                     24   64.2  156.0    87   2.63   1.35    1.35
i24_6x4_m1.5-Z18-36-90_m2-Z24-24-72_b25x40                     24   64.2  156.0    95   3.00   1.44    1.44
i24_6x4_m1.5-Z18-36-90_m2-Z24-24-72_b30x45                     24   64.2  156.0   105   3.38   1.53    1.53
i24_6x4_m1.5-Z18-36-90_m2-Z24-24-72_b35x55                     24   64.2  156.0   120   4.13   1.69    1.69
i24_6x4_m1.5-Z18-36-90_m2-Z26-26-78_b25x38                     24   64.2  168.0    93   3.12   1.52    1.52
i24_6x4_m1.5-Z18-36-90_m2-Z26-26-78_b30x42                     24   64.2  168.0   102   3.45   1.60    1.60
i24_6x4_m2-Z18-36-90_m2.5-Z26-26-78                            24   64.2  210.0   125   5.02   1.84    1.84
i24_6x4_m2-Z18-36-90_m3-Z22-22-66_x+00+00+00+00                24   64.2  216.0   125   5.83   1.85    1.85
i24_6x4_m2-Z18-36-90_m3-Z20-20-60                              24   64.2  198.0   135   6.10   1.82    1.82
i24_6x4_m2-Z18-36-90_m2.5-Z24-24-72                            24   64.2  195.0   145   6.17   1.97    1.97
i20_5x4_m2-Z18-27-72_m2.5-Z24-24-72                            20   53.5  195.0   120   5.43   1.77    1.77
i20_5x4_m2-Z18-27-72_m2.5-Z22-22-66                            20   53.5  180.0   145   5.78   1.77    1.77
i24_6x4_m1.25-Z18-36-90_m2-Z18-18-54_b22x35_N6                 24   64.2  120.0    87   1.69   1.05    1.05
i24_6x4_m1.25-Z18-36-90_m2-Z18-18-54_b30x45_N6                 24   64.2  120.0   105   2.17   1.19    1.19
i24_6x4_m1.25-Z18-36-90_m2-Z18-18-54_b40x60                    24   64.2  120.0   130   2.89   1.37    1.37
i24_6x4_m1.25-Z18-36-90_m2-Z24-24-72_b30x45                    24   64.2  156.0   105   2.74   1.43    1.43
i24_6x4_m1.25-Z18-36-90_m2-Z24-24-72_b40x55                    24   64.2  156.0   125   3.65   1.65    1.65
i24_6x4_m1.25-Z24-48-120_m2-Z18-18-54_b30x45                   24   64.2  157.5   105   2.17   1.19    1.19
i20_5x4_m1.5-Z18-27-72_m2-Z24-24-72_b30x45_N6                  20   53.5  156.0   105   3.71   1.62    1.62
i20_5x4_m1.5-Z18-27-72_m2-Z24-24-72_b35x55_N6                  20   53.5  156.0   120   4.33   1.75    1.75
i20_4x5_m2-Z18-18-54_m1.5-Z20-40-100                           20   53.5  159.0   105   2.49   1.43    1.43
i24_6x4_m1.25-Z18-36-90_m2-Z24-24-72_b35x50                    24   64.2  156.0   115   3.20   1.54    1.54
i24_6x4_m1.5-Z18-36-90_m2.5-Z18-18-54_b30x45                   24   64.2  150.0   105   3.39   1.48    1.48
i24_6x4_m1.5-Z18-36-90_m2.5-Z18-18-54_b35x50                   24   64.2  150.0   115   3.77   1.56    1.56
i20_5x4_m1.5-Z18-27-72_m2-Z24-24-72_b27x40                     20   53.5  156.0    97   3.34   1.53    1.53
i30_6x5_m1.25-Z18-36-90_m1.25-Z24-36-96                        30   80.2  127.5   110   1.50   1.17    1.17
i30_6x5_m1.25-Z18-36-90_m1.5-Z24-36-96_b35x55                  30   80.2  153.0   120   2.38   1.47    1.47
i30_6x5_m1.25-Z18-36-90_m1.5-Z24-36-96_b40x70                  30   80.2  153.0   140   3.03   1.65    1.65
i30_6x5_m1.25-Z18-36-90_m2-Z20-30-80_b35x40                    30   80.2  172.0   105   2.47   1.38    1.38
i30_6x5_m1.25-Z18-36-90_m2-Z20-30-80_b35x55                    30   80.2  172.0   120   3.20   1.54    1.54
i30_6x5_m1.25-Z18-36-90_m2-Z20-30-80_b40x70                    30   80.2  172.0   140   3.65   1.65    1.65
i30_6x5_m1.25-Z24-48-120_m1.5-Z24-36-96                        30   80.2  157.5   120   2.38   1.47    1.47
i30_6x5_m1.25-Z18-36-90_m2-Z20-30-80_b25x38                    30   80.2  172.0    93   2.28   1.30    1.30
i30_6x5_m1.5-Z18-36-90_m2-Z20-30-80_b28x40                     30   80.2  172.0    98   2.47   1.38    1.38
i30_6x5_m1.25-Z24-48-120_m2-Z20-30-80                          30   80.2  172.0    98   2.47   1.38    1.38
i30_6x5_m1.5-Z18-36-90_m2-Z20-30-80_b25x38                     30   80.2  172.0    93   2.23   1.34    1.34
i30_6x5_m1.5-Z18-36-90_m1.5-Z24-36-96                          30   80.2  153.0    93   1.56   1.21    1.21
i30_6x5_m1.5-Z18-36-90_m2-Z20-30-80_b28x43                     30   80.2  172.0   101   2.65   1.43    1.43
i30_6x5_m1.5-Z18-36-90_m1.75-Z24-36-96_b28x40                  30   80.2  178.5    98   2.36   1.46    1.46
i30_6x5_m1.5-Z18-36-90_m1.75-Z24-36-96_b25x38                  30   80.2  178.5    93   2.13   1.42    1.42
i30_6x5_m1.25-Z24-48-120_m1.75-Z24-36-96                       30   80.2  178.5    98   2.36   1.46    1.46
i35_7x5_m1.25-Z18-45-108_m1.5-Z24-36-96_b28x35                 35   93.6  153.0    93   1.30   1.09    1.09
i35_7x5_m1.25-Z18-45-108_m1.5-Z24-36-96_b30x40                 35   93.6  153.0   100   1.48   1.16    1.16
i35_7x5_m1.25-Z18-45-108_m1.75-Z20-30-80_b28x35                35   93.6  150.5    93   1.42   1.05    1.05
i35_7x5_m1.25-Z18-45-108_m1.75-Z20-30-80_b30x40                35   93.6  150.5   100   1.62   1.12    1.12
i36_6x6_m1.25-Z18-36-90_m1.5-Z18-36-90_b25x35                  36   96.2  144.0    90   1.08   0.91    0.91
i36_6x6_m1.25-Z18-36-90_m1.5-Z18-36-90_b28x40                  36   96.2  144.0    98   1.23   0.97    0.97
i36_6x6_m1.25-Z18-36-90_m1.5-Z24-48-120_b25x35                 36   96.2  189.0    90   1.51   1.23    1.23
i36_6x6_m1.25-Z18-36-90_m1.5-Z24-48-120_b28x40                 36   96.2  189.0    98   1.73   1.32    1.32
i40_8x5_m1.25-Z18-54-126_m1.5-Z24-36-96_b28x35                 40  106.9  165.0    93   1.14   1.02    1.02
i40_8x5_m1.25-Z18-54-126_m1.5-Z24-36-96_b30x40                 40  106.9  165.0   100   1.30   1.09    1.09
i40_8x5_m1.25-Z18-54-126_m1.75-Z20-30-80_b28x35                40  106.9  165.0    93   1.24   0.98    0.98
i40_8x5_m1.25-Z18-54-126_m1.75-Z20-30-80_b30x40                40  106.9  165.0   100   1.42   1.05    1.05
i35_7x5_m1.25-Z18-45-108_m2-Z20-30-80_b28x35                   35   93.6  172.0    93   1.85   1.20    1.20
i35_7x5_m1.25-Z18-45-108_m2-Z20-30-80_b30x40                   35   93.6  172.0   100   2.11   1.28    1.28
i42_7x6_m1.25-Z18-45-108_m1.25-Z24-48-120_b28x35_x+00+00+00+00   42  112.3  157.5    93   0.95   0.96    0.96
i42_7x6_m1.25-Z18-45-108_m1.25-Z24-48-120_b28x40               42  112.3  157.5    98   1.09   1.03    1.03
i42_7x6_m1.25-Z18-45-108_m1.5-Z24-48-120_b28x35                42  112.3  189.0    93   1.37   1.15    1.15
i42_7x6_m1.25-Z18-45-108_m1.5-Z24-48-120_b30x40                42  112.3  189.0   100   1.57   1.23    1.23
i42_7x6_m1.25-Z18-45-108_m1.25-Z24-48-120_b28x35_x+03-03+03-03   42  112.3  157.5    93   0.90   0.95    0.95
i42_7x6_m1.25-Z18-45-108_m1.25-Z24-48-120_b30x40               42  112.3  157.5   100   1.03   1.02    1.02
i32_8x4_m1.25-Z18-54-126_m2-Z18-18-54_b28x35                   32   85.5  165.0    93   1.27   0.91    0.91
i32_8x4_m1.25-Z18-54-126_m2-Z18-18-54_b30x40                   32   85.5  165.0   100   1.45   0.97    0.97
i32_8x4_m1.25-Z18-54-126_m2.5-Z20-20-60_b22x28                 32   85.5  165.0    80   2.01   1.09    1.09
i32_8x4_m1.25-Z18-54-126_m2.5-Z20-20-60_b25x32                 32   85.5  165.0    87   2.30   1.16    1.16
i32_8x4_m1.25-Z18-54-126_m2.5-Z20-20-60_b28x35                 32   85.5  165.0    93   2.52   1.22    1.22
i32_8x4_m1.25-Z18-54-126_m2.5-Z20-20-60_b30x38                 32   85.5  165.0    98   2.73   1.27    1.27
i32_8x4_m1.25-Z18-54-126_m2-Z24-24-72_b25x36                   32   85.5  165.0    91   2.03   1.18    1.18
i32_8x4_m1.25-Z18-54-126_m2-Z24-24-72_b28x40                   32   85.5  165.0    98   2.25   1.25    1.25
i35_7x5_m1.25-Z18-45-108_m2-Z20-30-80_b22x37                   35   93.6  172.0    89   2.01   1.24    1.24
i32_8x4_m1.25-Z18-54-126_m2.5-Z22-22-66_b25x35                 32   85.5  180.0    90   2.32   1.34    1.34
i32_8x4_m1.25-Z18-54-126_m2.5-Z22-22-66_b28x38                 32   85.5  180.0    96   2.60   1.39    1.39
i32_8x4_m1.25-Z18-54-126_m2.5-Z22-22-66_b30x40                 32   85.5  180.0   100   2.78   1.43    1.43
i36_9x4_m1.5-Z14-49-112_m2.5-Z22-22-66_b25x40                  36   96.2  180.0    95   2.58   1.31    1.31
i36_9x4_m1.5-Z14-49-112_m2.5-Z22-22-66_b30x40                  36   96.2  180.0   100   2.84   1.35    1.35
i36_9x4_m1-Z20-70-160_m2.5-Z22-22-66                           36   96.2  180.0   100   2.00   1.35    1.35
i32_8x4_m1.25-Z18-54-126_m2-Z24-24-72_b22x28                   32   85.5  165.0    80   1.66   0.74    0.74
i32_8x4_m1.25-Z18-54-126_m2-Z24-24-72_b25x32                   32   85.5  165.0    87   1.89   0.79    0.79
i36_9x4_m1.5-Z14-49-112_m2.5-Z22-22-66_b22x35                  36   96.2  180.0    87   2.56   0.82    0.82
i36_9x4_m1.5-Z14-49-112_m2.5-Z22-22-66_b25x38                  36   96.2  180.0    93   2.80   0.87    0.87
i32_8x4_m1.25-Z18-54-126_m2.5-Z20-20-60_b22x35                 32   85.5  165.0    87   2.04   0.95    0.95
i32_8x4_m1.25-Z18-54-126_m2.5-Z20-20-60_b25x40                 32   85.5  165.0    95   2.32   1.01    1.01
i32_8x4_m1.25-Z18-54-126_m2-Z24-24-72_b22x35                   32   85.5  165.0    87   1.97   0.91    0.91
i32_8x4_m1.25-Z18-54-126_m2-Z24-24-72_b25x40                   32   85.5  165.0    95   2.25   0.97    0.97
i35_7x5_m1.25-Z18-45-108_m1.75-Z20-30-80_b22x35                35   93.6  150.5    87   1.46   0.90    0.90
i35_7x5_m1.25-Z18-45-108_m1.75-Z20-30-80_b25x40                35   93.6  150.5    95   1.66   0.96    0.96
i36_6x6_m1.25-Z18-36-90_m1.75-Z18-36-90_b22x35                 36   96.2  168.0    87   1.54   1.03    1.03
i36_6x6_m1.25-Z18-36-90_m1.75-Z18-36-90_b25x40                 36   96.2  168.0    95   1.76   1.10    1.10
i40_8x5_m1.25-Z18-54-126_m1.75-Z20-30-80_b22x35                40  106.9  165.0    87   1.27   0.84    0.84
i40_8x5_m1.25-Z18-54-126_m1.75-Z20-30-80_b25x40                40  106.9  165.0    95   1.46   0.90    0.90
i35_7x5_m1.25-Z18-45-108_m1.5-Z20-30-80_b22x35                 35   93.6  142.5    87   1.04   1.27    0.64
i35_7x5_m1.25-Z18-45-108_m1.5-Z20-30-80_b28x42                 35   93.6  142.5   100   1.25   1.44    0.70
i30_6x5_m1.25-Z18-36-90_m1.5-Z20-30-80_b25x40                  30   80.2  129.0    95   1.56   0.88    0.52
i30_6x5_m1.25-Z18-36-90_m1.5-Z20-30-80_b30x50                  30   80.2  129.0   110   1.95   0.96    0.58
i30_6x5_m1.25-Z18-36-90_m2-Z20-30-80                           30   80.2  172.0    93   2.28   1.30    1.30
i30_6x5_m1.5-Z18-36-90_m2-Z20-30-80                            30   80.2  172.0   101   2.65   1.43    1.43
i32_8x4_m1.25-Z18-54-126_m1.5-Z22-22-66_b22x35                 32   85.5  165.0    87   1.04   0.77    0.42
i32_8x4_m1.25-Z18-54-126_m1.5-Z22-22-66_b28x40                 32   85.5  165.0    98   1.19   0.82    0.45
i32_8x4_m1.25-Z18-54-126_m2-Z24-24-72_b28x35                   32   85.5  165.0    93   2.07   0.82    0.82
i32_8x4_m1.25-Z18-54-126_m2-Z24-24-72_b30x40                   32   85.5  165.0   100   2.37   0.88    0.88
i35_7x5_m1.25-Z18-45-108_m2-Z20-30-80_b25x40                   35   93.6  172.0    95   2.17   1.29    1.29
i36_9x4_m1.5-Z14-49-112_m2.5-Z22-22-66                         36   96.2  180.0    98   2.84   1.35    1.35
i36_9x4_m1.5-Z14-49-112_m2.5-Z22-22-66_b28x40                  36   96.2  180.0    98   2.94   0.92    0.92
----------------------------------------------------------------------------------------------------------------------

----------------------------------------------------------------------------------------------------------------------
Параметры и материалы по ступеням
----------------------------------------------------------------------------------------------------------------------
Имя файла                                                     Ст     m  Z_s  Z_p  Z_r    b n_s   x_s   x_p Материалы s/p/r       
----------------------------------------------------------------------------------------------------------------------
i20_5x4_m1.5-Z18-27-72_m2-Z18-18-54                            1   1.5   18   27   72   18   3 +0.00 +0.00 PA6_CF/PA6_CF/PA6_CF                
                                                               2     2   18   18   54   30   4 +0.00 +0.00 D16T/PA6_CF/PA6_CF                

i24_6x4_m1.25-Z18-36-90_m2-Z18-18-54_b22x30_s2-D16T            1  1.25   18   36   90   22   3 +0.00 +0.00 PA6_CF/PA6_CF/PA6_CF                
                                                               2     2   18   18   54   30   4 +0.00 +0.00 D16T/PA6_CF/PA6_CF                

i25_5x5_m1.5-Z18-27-72_m1.5-Z20-30-80_b18x30                   1   1.5   18   27   72   18   3 +0.00 +0.00 PA6_CF/PA6_CF/PA6_CF                
                                                               2   1.5   20   30   80   30   4 +0.00 +0.00 D16T/PA6_CF/PA6_CF                

i24_6x4_m1.5-Z18-36-90_m2-Z18-18-54_b30x30                     1   1.5   18   36   90   30   3 +0.00 +0.00 PA6_CF/PA6_CF/PA6_CF                
                                                               2     2   18   18   54   30   4 +0.00 +0.00 D16T/PA6_CF/PA6_CF                

i24_6x4_m1.5-Z18-36-90_m2-Z18-18-54_b45x30                     1   1.5   18   36   90   45   3 +0.00 +0.00 PA6_CF/PA6_CF/PA6_CF                
                                                               2     2   18   18   54   30   4 +0.00 +0.00 D16T/PA6_CF/PA6_CF                

i24_6x4_m1.5-Z24-48-120_m2-Z18-18-54                           1   1.5   24   48  120   30   3 +0.00 +0.00 PA6_CF/PA6_CF/PA6_CF                
                                                               2     2   18   18   54   30   4 +0.00 +0.00 D16T/PA6_CF/PA6_CF                

i24_6x4_m1.5-Z18-36-90_m2-Z18-18-54_b60x30                     1   1.5   18   36   90   60   3 +0.00 +0.00 PA6_CF/PA6_CF/PA6_CF                
                                                               2     2   18   18   54   30   4 +0.00 +0.00 D16T/PA6_CF/PA6_CF                

i24_6x4_m1.25-Z18-36-90_m2-Z18-18-54_b22x30_s1-D16T_s2-D16T    1  1.25   18   36   90   22   3 +0.00 +0.00 D16T/PA6_CF/PA6_CF                
                                                               2     2   18   18   54   30   4 +0.00 +0.00 D16T/PA6_CF/PA6_CF                

i24_6x4_m1.25-Z24-48-120_m2-Z18-18-54_b40x30                   1  1.25   24   48  120   40   3 +0.00 +0.00 PA6_CF/PA6_CF/PA6_CF                
                                                               2     2   18   18   54   30   4 +0.00 +0.00 D16T/PA6_CF/PA6_CF                

i24_6x4_m1.25-Z24-48-120_m2-Z18-18-54_b50x30                   1  1.25   24   48  120   50   3 +0.00 +0.00 PA6_CF/PA6_CF/PA6_CF                
                                                               2     2   18   18   54   30   4 +0.00 +0.00 D16T/PA6_CF/PA6_CF                

i24_4x6_m2-Z18-27-72_m1.5-Z18-36-90_b30x30                     1     2   18   27   72   30   3 +0.00 +0.00 PA6_CF/PA6_CF/PA6_CF                
                                                               2   1.5   18   36   90   30   4 +0.00 +0.00 D16T/PA6_CF/PA6_CF                

i24_4x6_m2-Z18-27-72_m1.5-Z18-36-90_b45x30                     1     2   18   27   72   45   3 +0.00 +0.00 PA6_CF/PA6_CF/PA6_CF                
                                                               2   1.5   18   36   90   30   4 +0.00 +0.00 D16T/PA6_CF/PA6_CF                

i24_6x4_m1.25-Z18-36-90_m1.5-Z24-24-72_b30x50                  1  1.25   18   36   90   30   3 +0.00 +0.00 PA6_CF/PA6_CF/PA6_CF                
                                                               2   1.5   24   24   72   50   4 +0.00 +0.00 D16T/PA6_CF/PA6_CF                

i24_6x4_m1.25-Z18-36-90_m1.5-Z24-24-72_b30x60                  1  1.25   18   36   90   30   3 +0.00 +0.00 PA6_CF/PA6_CF/PA6_CF                
                                                               2   1.5   24   24   72   60   4 +0.00 +0.00 D16T/PA6_CF/PA6_CF                

i24_6x4_m1.25-Z18-36-90_m1.5-Z24-24-72_b40x50                  1  1.25   18   36   90   40   3 +0.30 -0.30 PA6_CF/PA6_CF/PA6_CF                
                                                               2   1.5   24   24   72   50   4 +0.30 -0.30 D16T/PA6_CF/PA6_CF                

i24_6x4_m1.25-Z18-36-90_m1.5-Z24-24-72_b45x60                  1  1.25   18   36   90   45   3 +0.30 -0.30 PA6_CF/PA6_CF/PA6_CF                
                                                               2   1.5   24   24   72   60   4 +0.30 -0.30 D16T/PA6_CF/PA6_CF                

i25_5x5_m1.5-Z18-27-72_m1.5-Z20-30-80_b30x50                   1   1.5   18   27   72   30   3 +0.00 +0.00 PA6_CF/PA6_CF/PA6_CF                
                                                               2   1.5   20   30   80   50   4 +0.00 +0.00 D16T/PA6_CF/PA6_CF                

i24_6x4_m1.25-Z18-36-90_m1.5-Z24-24-72_b60x60                  1  1.25   18   36   90   60   3 +0.30 -0.30 PA6_CF/PA6_CF/PA6_CF                
                                                               2   1.5   24   24   72   60   4 +0.30 -0.30 D16T/PA6_CF/PA6_CF                

i24_6x4_m1.5-Z18-36-90_m1.5-Z24-24-72                          1   1.5   18   36   90   40   3 +0.30 -0.30 PA6_CF/PA6_CF/PA6_CF                
                                                               2   1.5   24   24   72   50   4 +0.30 -0.30 D16T/PA6_CF/PA6_CF                

i24_6x4_m1.25-Z24-48-120_m1.5-Z24-24-72                        1  1.25   24   48  120   40   3 +0.30 -0.30 PA6_CF/PA6_CF/PA6_CF                
                                                               2   1.5   24   24   72   60   4 +0.30 -0.30 D16T/PA6_CF/PA6_CF                

i24_4x6_m2-Z18-18-54_m1.5-Z16-32-80_b30x60                     1     2   18   18   54   30   3 +0.00 +0.00 PA6_CF/PA6_CF/PA6_CF                
                                                               2   1.5   16   32   80   60   4 +0.30 -0.30 D16T/PA6_CF/PA6_CF                

i24_4x6_m2-Z18-18-54_m1.5-Z16-32-80_b40x60                     1     2   18   18   54   40   3 +0.00 +0.00 PA6_CF/PA6_CF/PA6_CF                
                                                               2   1.5   16   32   80   60   4 +0.30 -0.30 D16T/PA6_CF/PA6_CF                

i24_4x6_m2-Z18-18-54_m1.5-Z16-32-80_b50x60                     1     2   18   18   54   50   3 +0.00 +0.00 PA6_CF/PA6_CF/PA6_CF                
                                                               2   1.5   16   32   80   60   4 +0.30 -0.30 D16T/PA6_CF/PA6_CF                

i24_4x6_m2-Z18-18-54_m1.5-Z20-40-100                           1     2   18   18   54   30   3 +0.00 +0.00 PA6_CF/PA6_CF/PA6_CF                
                                                               2   1.5   20   40  100   60   4 +0.00 +0.00 D16T/PA6_CF/PA6_CF                

i24_6x4_m1.25-Z18-36-90_m2-Z24-24-72_b60x80                    1  1.25   18   36   90   60   3 +0.30 -0.30 PA6_CF/PA6_CF/PA6_CF                
                                                               2     2   24   24   72   80   3 +0.30 -0.30 D16T/PA6_CF/PA6_CF                

i24_6x4_m1.25-Z24-48-120_m2-Z24-24-72_b40x80                   1  1.25   24   48  120   40   3 +0.30 -0.30 PA6_CF/PA6_CF/PA6_CF                
                                                               2     2   24   24   72   80   3 +0.30 -0.30 D16T/PA6_CF/PA6_CF                

i24_6x4_m1.25-Z18-36-90_m2-Z24-24-72_b45x60                    1  1.25   18   36   90   45   3 +0.30 -0.30 PA6_CF/PA6_CF/PA6_CF                
                                                               2     2   24   24   72   60   3 +0.30 -0.30 D16T/PA6_CF/PA6_CF                

i24_4x6_m2-Z18-18-54_m1.5-Z18-36-90                            1     2   18   18   54   35   3 +0.00 +0.00 PA6_CF/PA6_CF/PA6_CF                
                                                               2   1.5   18   36   90   30   3 +0.00 +0.00 D16T/PA6_CF/PA6_CF                

i24_6x4_m1.25-Z24-48-120_m2-Z24-24-72_b40x60                   1  1.25   24   48  120   40   3 +0.30 -0.30 PA6_CF/PA6_CF/PA6_CF                
                                                               2     2   24   24   72   60   4 +0.30 -0.30 D16T/PA6_CF/PA6_CF                

i24_6x4_m1.25-Z24-48-120_m2-Z24-24-72_b30x50                   1  1.25   24   48  120   30   3 +0.30 -0.30 PA6_CF/PA6_CF/PA6_CF                
                                                               2     2   24   24   72   50   4 +0.30 -0.30 D16T/PA6_CF/PA6_CF                

i20_4x5_m2-Z18-18-54_m1.75-Z24-36-96_b30x60                    1     2   18   18   54   30   3 +0.00 +0.00 PA6_CF/PA6_CF/PA6_CF                
                                                               2  1.75   24   36   96   60   4 +0.30 -0.30 D16T/PA6_CF/PA6_CF                

i20_4x5_m2-Z18-18-54_m1.75-Z24-36-96_b35x100                   1     2   18   18   54   35   3 +0.00 +0.00 PA6_CF/PA6_CF/PA6_CF                
                                                               2  1.75   24   36   96  100   4 +0.30 -0.30 PA6_CF/PA6_CF/PA6_CF                

i20_4x5_m2-Z18-18-54_m1.75-Z24-36-96_b55x100                   1     2   18   18   54   55   3 +0.00 +0.00 PA6_CF/PA6_CF/PA6_CF                
                                                               2  1.75   24   36   96  100   4 +0.30 -0.30 PA6_CF/PA6_CF/PA6_CF                

i20_5x4_m1.5-Z18-27-72_m2-Z24-24-72_b40x60                     1   1.5   18   27   72   40   3 +0.00 +0.00 PA6_CF/PA6_CF/PA6_CF                
                                                               2     2   24   24   72   60   4 +0.30 -0.30 PA6_CF/PA6_CF/PA6_CF                

i20_5x4_m1.5-Z18-27-72_m2-Z24-24-72_b35x50                     1   1.5   18   27   72   35   3 +0.00 +0.00 PA6_CF/PA6_CF/PA6_CF                
                                                               2     2   24   24   72   50   4 +0.30 -0.30 PA6_CF/PA6_CF/PA6_CF                

i20_5x4_m1.5-Z24-36-96_m2-Z30-30-90                            1   1.5   24   36   96   35   3 +0.00 +0.00 PA6_CF/PA6_CF/PA6_CF                
                                                               2     2   30   30   90   50   4 +0.00 +0.00 PA6_CF/PA6_CF/PA6_CF                

i25_5x5_m1.5-Z24-36-96_m1.75-Z33-33-99                         1   1.5   24   36   96   35   3 +0.00 +0.00 PA6_CF/PA6_CF/PA6_CF                
                                                               2  1.75   33   33   99   55   4 +0.00 +0.00 PA6_CF/PA6_CF/PA6_CF                

i20_5x4_m1.5-Z24-36-96_m2.25-Z26-26-78                         1   1.5   24   36   96   35   3 +0.00 +0.00 PA6_CF/PA6_CF/PA6_CF                
                                                               2  2.25   26   26   78   50   4 +0.00 +0.00 PA6_CF/PA6_CF/PA6_CF                

i20_5x4_m1.5-Z24-36-96_m2.5-Z28-28-84_b35x40                   1   1.5   24   36   96   35   3 +0.00 +0.00 PA6_CF/PA6_CF/PA6_CF                
                                                               2   2.5   28   28   84   40   4 +0.00 +0.00 PA6_CF/PA6_CF/PA6_CF                

i20_5x4_m1.5-Z24-36-96_m2.5-Z28-28-84_b30x30                   1   1.5   24   36   96   30   3 +0.00 +0.00 PA6_CF/PA6_CF/PA6_CF                
                                                               2   2.5   28   28   84   30   4 +0.00 +0.00 PA6_CF/PA6_CF/PA6_CF                

i20_5x4_m1.5-Z24-36-96_m3-Z28-28-84                            1   1.5   24   36   96   30   3 +0.00 +0.00 PA6_CF/PA6_CF/PA6_CF                
                                                               2     3   28   28   84   30   4 +0.00 +0.00 PA6_CF/PA6_CF/PA6_CF                

i20_5x4_m1.5-Z24-36-96_m2-Z28-28-84_b40x60                     1   1.5   24   36   96   40   3 +0.00 +0.00 PA6_CF/PA6_CF/PA6_CF                
                                                               2     2   28   28   84   60   4 +0.00 +0.00 PA6_CF/PA6_CF/PA6_CF                

i20_5x4_m1.5-Z24-36-96_m2-Z28-28-84_b30x50                     1   1.5   24   36   96   30   3 +0.00 +0.00 PA6_CF/PA6_CF/PA6_CF                
                                                               2     2   28   28   84   50   4 +0.00 +0.00 PA6_CF/PA6_CF/PA6_CF                

i20_5x4_m1.5-Z18-27-72_m2-Z28-28-84_b40x60                     1   1.5   18   27   72   40   3 +0.00 +0.00 PA6_CF/PA6_CF/PA6_CF                
                                                               2     2   28   28   84   60   4 +0.00 +0.00 PA6_CF/PA6_CF/PA6_CF                

i20_5x4_m1.5-Z18-27-72_m2-Z28-28-84_b35x50                     1   1.5   18   27   72   35   3 +0.00 +0.00 PA6_CF/PA6_CF/PA6_CF                
                                                               2     2   28   28   84   50   4 +0.00 +0.00 PA6_CF/PA6_CF/PA6_CF                

i20_5x4_m1.5-Z18-27-72_m2-Z28-28-84_b35x45                     1   1.5   18   27   72   35   3 +0.00 +0.00 PA6_CF/PA6_CF/PA6_CF                
                                                               2     2   28   28   84   45   4 +0.00 +0.00 PA6_CF/PA6_CF/PA6_CF                

i20_5x4_m1.5-Z18-27-72_m2-Z24-24-72_b35x40                     1   1.5   18   27   72   35   3 +0.00 +0.00 PA6_CF/PA6_CF/PA6_CF                
                                                               2     2   24   24   72   40   4 +0.30 -0.30 PA6_CF/PA6_CF/PA6_CF                

i20_4x5_m1.5-Z24-24-72_m1.75-Z24-36-96_b40x80                  1   1.5   24   24   72   40   3 +0.00 +0.00 PA6_CF/PA6_CF/PA6_CF                
                                                               2  1.75   24   36   96   80   4 +0.30 -0.30 PA6_CF/PA6_CF/PA6_CF                

i20_4x5_m1.5-Z24-24-72_m1.75-Z24-36-96_b50x90                  1   1.5   24   24   72   50   3 +0.00 +0.00 PA6_CF/PA6_CF/PA6_CF                
                                                               2  1.75   24   36   96   90   4 +0.30 -0.30 PA6_CF/PA6_CF/PA6_CF                

i20_5x4_m1.5-Z18-27-72_m2-Z24-24-72_b22x35                     1   1.5   18   27   72   22   3 +0.00 +0.00 POM_C/POM_C/PETG                  
                                                               2     2   24   24   72   35   4 +0.00 +0.00 POM_C/POM_C/PETG                  

i20_5x4_m1.5-Z18-27-72_m2-Z24-24-72_b30x45_s1-POM_C_p1-POM_C_r1-PETG_s2-POM_C_p2-POM_C_r2-PETG   1   1.5   18   27   72   30   3 +0.00 +0.00 POM_C/POM_C/PETG                  
                                                               2     2   24   24   72   45   4 +0.00 +0.00 POM_C/POM_C/PETG                  

i20_5x4_m1.5-Z18-27-72_m2-Z24-24-72_b35x55_s1-POM_C_p1-POM_C_r1-PETG_s2-POM_C_p2-POM_C_r2-PETG   1   1.5   18   27   72   35   3 +0.00 +0.00 POM_C/POM_C/PETG                  
                                                               2     2   24   24   72   55   4 +0.00 +0.00 POM_C/POM_C/PETG                  

i24_6x4_m1.25-Z18-36-90_m2-Z18-18-54_b22x35_s1-POM_C_p1-POM_C_r1-PETG_s2-POM_C_p2-POM_C_r2-PETG   1  1.25   18   36   90   22   3 +0.00 +0.00 POM_C/POM_C/PETG                  
                                                               2     2   18   18   54   35   4 +0.00 +0.00 POM_C/POM_C/PETG                  

i24_6x4_m1.25-Z18-36-90_m2-Z18-18-54_b30x45_s1-POM_C_p1-POM_C_r1-PETG_s2-POM_C_p2-POM_C_r2-PETG   1  1.25   18   36   90   30   3 +0.00 +0.00 POM_C/POM_C/PETG                  
                                                               2     2   18   18   54   45   4 +0.00 +0.00 POM_C/POM_C/PETG                  

i24_6x4_m1.25-Z18-36-90_m2-Z18-18-54_b40x55                    1  1.25   18   36   90   40   3 +0.00 +0.00 POM_C/POM_C/PETG                  
                                                               2     2   18   18   54   55   4 +0.00 +0.00 POM_C/POM_C/PETG                  

i24_6x4_m1.25-Z18-36-90_m2-Z24-24-72_b30x40                    1  1.25   18   36   90   30   3 +0.00 +0.00 POM_C/POM_C/PETG                  
                                                               2     2   24   24   72   40   4 +0.00 +0.00 POM_C/POM_C/PETG                  

i20_5x4_m1.5-Z18-27-72_m2-Z24-24-72_b25x40                     1   1.5   18   27   72   25   3 +0.00 +0.00 POM_C/POM_C/PETG                  
                                                               2     2   24   24   72   40   4 +0.00 +0.00 POM_C/POM_C/PETG                  

i20_5x4_m1.5-Z18-27-72_m2-Z24-24-72_b28x40                     1   1.5   18   27   72   28   3 +0.00 +0.00 POM_C/POM_C/PETG                  
                                                               2     2   24   24   72   40   4 +0.00 +0.00 POM_C/POM_C/PETG                  

i24_6x4_m1.25-Z18-36-90_m2-Z24-24-72_b30x50                    1  1.25   18   36   90   30   3 +0.00 +0.00 POM_C/POM_C/PETG                  
                                                               2     2   24   24   72   50   4 +0.00 +0.00 POM_C/POM_C/PETG                  

i30_6x5_m1.25-Z18-36-90_m1.25-Z24-48-120                       1  1.25   18   36   90   30   3 +0.00 +0.00 POM_C/POM_C/PETG                  
                                                               2  1.25   24   48  120   45   4 +0.00 +0.00 POM_C/POM_C/PETG                  

i24_6x4_m1.5-Z18-36-90_m2-Z24-24-72_b22x35                     1   1.5   18   36   90   22   3 +0.00 +0.00 POM_C/POM_C/PETG                  
                                                               2     2   24   24   72   35   4 +0.00 +0.00 POM_C/POM_C/PETG                  

i24_6x4_m1.5-Z18-36-90_m2-Z24-24-72_b25x40                     1   1.5   18   36   90   25   3 +0.00 +0.00 POM_C/POM_C/PETG                  
                                                               2     2   24   24   72   40   4 +0.00 +0.00 POM_C/POM_C/PETG                  

i24_6x4_m1.5-Z18-36-90_m2-Z24-24-72_b30x45                     1   1.5   18   36   90   30   3 +0.00 +0.00 POM_C/POM_C/PETG                  
                                                               2     2   24   24   72   45   4 +0.00 +0.00 POM_C/POM_C/PETG                  

i24_6x4_m1.5-Z18-36-90_m2-Z24-24-72_b35x55                     1   1.5   18   36   90   35   3 +0.00 +0.00 POM_C/POM_C/PETG                  
                                                               2     2   24   24   72   55   4 +0.00 +0.00 POM_C/POM_C/PETG                  

i24_6x4_m1.5-Z18-36-90_m2-Z26-26-78_b25x38                     1   1.5   18   36   90   25   3 +0.00 +0.00 POM_C/POM_C/PETG                  
                                                               2     2   26   26   78   38   4 +0.00 +0.00 POM_C/POM_C/PETG                  

i24_6x4_m1.5-Z18-36-90_m2-Z26-26-78_b30x42                     1   1.5   18   36   90   30   3 +0.00 +0.00 POM_C/POM_C/PETG                  
                                                               2     2   26   26   78   42   4 +0.00 +0.00 POM_C/POM_C/PETG                  

i24_6x4_m2-Z18-36-90_m2.5-Z26-26-78                            1     2   18   36   90   40   3 +0.00 +0.00 PETG/PETG/PETG                  
                                                               2   2.5   26   26   78   55   4 +0.00 +0.00 PETG/PETG/PETG                  

i24_6x4_m2-Z18-36-90_m3-Z22-22-66_x+00+00+00+00                1     2   18   36   90   40   3 +0.00 +0.00 PETG/PETG/PETG                  
                                                               2     3   22   22   66   55   4 +0.00 +0.00 PETG/PETG/PETG                  

i24_6x4_m2-Z18-36-90_m3-Z20-20-60                              1     2   18   36   90   40   3 +0.00 +0.00 PETG/PETG/PETG                  
                                                               2     3   20   20   60   65   4 +0.00 +0.00 PETG/PETG/PETG                  

i24_6x4_m2-Z18-36-90_m2.5-Z24-24-72                            1     2   18   36   90   40   3 +0.00 +0.00 PETG/PETG/PETG                  
                                                               2   2.5   24   24   72   75   4 +0.00 +0.00 PETG/PETG/PETG                  

i20_5x4_m2-Z18-27-72_m2.5-Z24-24-72                            1     2   18   27   72   35   3 +0.00 +0.00 PETG/PETG/PETG                  
                                                               2   2.5   24   24   72   55   4 +0.00 +0.00 PETG/PETG/PETG                  

i20_5x4_m2-Z18-27-72_m2.5-Z22-22-66                            1     2   18   27   72   35   3 +0.00 +0.00 PETG/PETG/PETG                  
                                                               2   2.5   22   22   66   80   4 +0.00 +0.00 PETG/PETG/PETG                  

i24_6x4_m1.25-Z18-36-90_m2-Z18-18-54_b22x35_N6                 1  1.25   18   36   90   22   3 +0.00 +0.00 PA6_PRINT/PA6_PRINT/PA6_PRINT             
                                                               2     2   18   18   54   35   4 +0.00 +0.00 PA6_PRINT/PA6_PRINT/PA6_PRINT             

i24_6x4_m1.25-Z18-36-90_m2-Z18-18-54_b30x45_N6                 1  1.25   18   36   90   30   3 +0.00 +0.00 PA6_PRINT/PA6_PRINT/PA6_PRINT             
                                                               2     2   18   18   54   45   4 +0.00 +0.00 PA6_PRINT/PA6_PRINT/PA6_PRINT             

i24_6x4_m1.25-Z18-36-90_m2-Z18-18-54_b40x60                    1  1.25   18   36   90   40   3 +0.00 +0.00 PA6_PRINT/PA6_PRINT/PA6_PRINT             
                                                               2     2   18   18   54   60   4 +0.00 +0.00 PA6_PRINT/PA6_PRINT/PA6_PRINT             

i24_6x4_m1.25-Z18-36-90_m2-Z24-24-72_b30x45                    1  1.25   18   36   90   30   3 +0.00 +0.00 PA6_PRINT/PA6_PRINT/PA6_PRINT             
                                                               2     2   24   24   72   45   4 +0.00 +0.00 PA6_PRINT/PA6_PRINT/PA6_PRINT             

i24_6x4_m1.25-Z18-36-90_m2-Z24-24-72_b40x55                    1  1.25   18   36   90   40   3 +0.00 +0.00 PA6_PRINT/PA6_PRINT/PA6_PRINT             
                                                               2     2   24   24   72   55   4 +0.00 +0.00 PA6_PRINT/PA6_PRINT/PA6_PRINT             

i24_6x4_m1.25-Z24-48-120_m2-Z18-18-54_b30x45                   1  1.25   24   48  120   30   3 +0.00 +0.00 PA6_PRINT/PA6_PRINT/PA6_PRINT             
                                                               2     2   18   18   54   45   4 +0.00 +0.00 PA6_PRINT/PA6_PRINT/PA6_PRINT             

i20_5x4_m1.5-Z18-27-72_m2-Z24-24-72_b30x45_N6                  1   1.5   18   27   72   30   3 +0.00 +0.00 PA6_PRINT/PA6_PRINT/PA6_PRINT             
                                                               2     2   24   24   72   45   4 +0.00 +0.00 PA6_PRINT/PA6_PRINT/PA6_PRINT             

i20_5x4_m1.5-Z18-27-72_m2-Z24-24-72_b35x55_N6                  1   1.5   18   27   72   35   3 +0.00 +0.00 PA6_PRINT/PA6_PRINT/PA6_PRINT             
                                                               2     2   24   24   72   55   4 +0.00 +0.00 PA6_PRINT/PA6_PRINT/PA6_PRINT             

i20_4x5_m2-Z18-18-54_m1.5-Z20-40-100                           1     2   18   18   54   30   3 +0.00 +0.00 PA6_PRINT/PA6_PRINT/PA6_PRINT             
                                                               2   1.5   20   40  100   45   4 +0.00 +0.00 PA6_PRINT/PA6_PRINT/PA6_PRINT             

i24_6x4_m1.25-Z18-36-90_m2-Z24-24-72_b35x50                    1  1.25   18   36   90   35   3 +0.00 +0.00 PA6_PRINT/PA6_PRINT/PA6_PRINT             
                                                               2     2   24   24   72   50   4 +0.00 +0.00 PA6_PRINT/PA6_PRINT/PA6_PRINT             

i24_6x4_m1.5-Z18-36-90_m2.5-Z18-18-54_b30x45                   1   1.5   18   36   90   30   3 +0.00 +0.00 PA6_PRINT/PA6_PRINT/PA6_PRINT             
                                                               2   2.5   18   18   54   45   4 +0.00 +0.00 PA6_PRINT/PA6_PRINT/PA6_PRINT             

i24_6x4_m1.5-Z18-36-90_m2.5-Z18-18-54_b35x50                   1   1.5   18   36   90   35   3 +0.00 +0.00 PA6_PRINT/PA6_PRINT/PA6_PRINT             
                                                               2   2.5   18   18   54   50   4 +0.00 +0.00 PA6_PRINT/PA6_PRINT/PA6_PRINT             

i20_5x4_m1.5-Z18-27-72_m2-Z24-24-72_b27x40                     1   1.5   18   27   72   27   3 +0.00 +0.00 PA6_PRINT/PA6_PRINT/PA6_PRINT             
                                                               2     2   24   24   72   40   4 +0.00 +0.00 PA6_PRINT/PA6_PRINT/PA6_PRINT             

i30_6x5_m1.25-Z18-36-90_m1.25-Z24-36-96                        1  1.25   18   36   90   30   3 +0.00 +0.00 PA6_PRINT/PA6_PRINT/PA6_PRINT             
                                                               2  1.25   24   36   96   50   4 +0.00 +0.00 PA6_PRINT/PA6_PRINT/PA6_PRINT             

i30_6x5_m1.25-Z18-36-90_m1.5-Z24-36-96_b35x55                  1  1.25   18   36   90   35   3 +0.00 +0.00 PA6_PRINT/PA6_PRINT/PA6_PRINT             
                                                               2   1.5   24   36   96   55   4 +0.00 +0.00 PA6_PRINT/PA6_PRINT/PA6_PRINT             

i30_6x5_m1.25-Z18-36-90_m1.5-Z24-36-96_b40x70                  1  1.25   18   36   90   40   3 +0.00 +0.00 PA6_PRINT/PA6_PRINT/PA6_PRINT             
                                                               2   1.5   24   36   96   70   4 +0.00 +0.00 PA6_PRINT/PA6_PRINT/PA6_PRINT             

i30_6x5_m1.25-Z18-36-90_m2-Z20-30-80_b35x40                    1  1.25   18   36   90   35   3 +0.00 +0.00 PA6_PRINT/PA6_PRINT/PA6_PRINT             
                                                               2     2   20   30   80   40   4 +0.00 +0.00 PA6_PRINT/PA6_PRINT/PA6_PRINT             

i30_6x5_m1.25-Z18-36-90_m2-Z20-30-80_b35x55                    1  1.25   18   36   90   35   3 +0.00 +0.00 PA6_PRINT/PA6_PRINT/PA6_PRINT             
                                                               2     2   20   30   80   55   4 +0.00 +0.00 PA6_PRINT/PA6_PRINT/PA6_PRINT             

i30_6x5_m1.25-Z18-36-90_m2-Z20-30-80_b40x70                    1  1.25   18   36   90   40   3 +0.00 +0.00 PA6_PRINT/PA6_PRINT/PA6_PRINT             
                                                               2     2   20   30   80   70   4 +0.00 +0.00 PA6_PRINT/PA6_PRINT/PA6_PRINT             

i30_6x5_m1.25-Z24-48-120_m1.5-Z24-36-96                        1  1.25   24   48  120   35   3 +0.00 +0.00 PA6_PRINT/PA6_PRINT/PA6_PRINT             
                                                               2   1.5   24   36   96   55   4 +0.00 +0.00 PA6_PRINT/PA6_PRINT/PA6_PRINT             

i30_6x5_m1.25-Z18-36-90_m2-Z20-30-80_b25x38                    1  1.25   18   36   90   25   3 +0.00 +0.00 PA6_PRINT/PA6_PRINT/PA6_PRINT             
                                                               2     2   20   30   80   38   4 +0.00 +0.00 PA6_PRINT/PA6_PRINT/PA6_PRINT             

i30_6x5_m1.5-Z18-36-90_m2-Z20-30-80_b28x40                     1   1.5   18   36   90   28   3 +0.00 +0.00 PA6_PRINT/PA6_PRINT/PA6_PRINT             
                                                               2     2   20   30   80   40   4 +0.00 +0.00 PA6_PRINT/PA6_PRINT/PA6_PRINT             

i30_6x5_m1.25-Z24-48-120_m2-Z20-30-80                          1  1.25   24   48  120   28   3 +0.00 +0.00 PA6_PRINT/PA6_PRINT/PA6_PRINT             
                                                               2     2   20   30   80   40   4 +0.00 +0.00 PA6_PRINT/PA6_PRINT/PA6_PRINT             

i30_6x5_m1.5-Z18-36-90_m2-Z20-30-80_b25x38                     1   1.5   18   36   90   25   3 +0.30 -0.30 PA6_PRINT/PA6_PRINT/PA6_PRINT             
                                                               2     2   20   30   80   38   4 +0.30 -0.30 PA6_PRINT/PA6_PRINT/PA6_PRINT             

i30_6x5_m1.5-Z18-36-90_m1.5-Z24-36-96                          1   1.5   18   36   90   25   3 +0.00 +0.00 PA6_PRINT/PA6_PRINT/PA6_PRINT             
                                                               2   1.5   24   36   96   38   4 +0.30 -0.30 PA6_PRINT/PA6_PRINT/PA6_PRINT             

i30_6x5_m1.5-Z18-36-90_m2-Z20-30-80_b28x43                     1   1.5   18   36   90   28   3 +0.00 +0.00 PA6_PRINT/PA6_PRINT/PA6_PRINT             
                                                               2     2   20   30   80   43   4 +0.00 +0.00 PA6_PRINT/PA6_PRINT/PA6_PRINT             

i30_6x5_m1.5-Z18-36-90_m1.75-Z24-36-96_b28x40                  1   1.5   18   36   90   28   3 +0.00 +0.00 PA6_PRINT/PA6_PRINT/PA6_PRINT             
                                                               2  1.75   24   36   96   40   4 +0.00 +0.00 PA6_PRINT/PA6_PRINT/PA6_PRINT             

i30_6x5_m1.5-Z18-36-90_m1.75-Z24-36-96_b25x38                  1   1.5   18   36   90   25   3 +0.30 -0.30 PA6_PRINT/PA6_PRINT/PA6_PRINT             
                                                               2  1.75   24   36   96   38   4 +0.30 -0.30 PA6_PRINT/PA6_PRINT/PA6_PRINT             

i30_6x5_m1.25-Z24-48-120_m1.75-Z24-36-96                       1  1.25   24   48  120   28   3 +0.00 +0.00 PA6_PRINT/PA6_PRINT/PA6_PRINT             
                                                               2  1.75   24   36   96   40   4 +0.00 +0.00 PA6_PRINT/PA6_PRINT/PA6_PRINT             

i35_7x5_m1.25-Z18-45-108_m1.5-Z24-36-96_b28x35                 1  1.25   18   45  108   28   3 +0.00 +0.00 PA6_PRINT/PA6_PRINT/PA6_PRINT             
                                                               2   1.5   24   36   96   35   4 +0.00 +0.00 PA6_PRINT/PA6_PRINT/PA6_PRINT             

i35_7x5_m1.25-Z18-45-108_m1.5-Z24-36-96_b30x40                 1  1.25   18   45  108   30   3 +0.00 +0.00 PA6_PRINT/PA6_PRINT/PA6_PRINT             
                                                               2   1.5   24   36   96   40   4 +0.00 +0.00 PA6_PRINT/PA6_PRINT/PA6_PRINT             

i35_7x5_m1.25-Z18-45-108_m1.75-Z20-30-80_b28x35                1  1.25   18   45  108   28   3 +0.00 +0.00 PA6_PRINT/PA6_PRINT/PA6_PRINT             
                                                               2  1.75   20   30   80   35   4 +0.00 +0.00 PA6_PRINT/PA6_PRINT/PA6_PRINT             

i35_7x5_m1.25-Z18-45-108_m1.75-Z20-30-80_b30x40                1  1.25   18   45  108   30   3 +0.00 +0.00 PA6_PRINT/PA6_PRINT/PA6_PRINT             
                                                               2  1.75   20   30   80   40   4 +0.00 +0.00 PA6_PRINT/PA6_PRINT/PA6_PRINT             

i36_6x6_m1.25-Z18-36-90_m1.5-Z18-36-90_b25x35                  1  1.25   18   36   90   25   3 +0.00 +0.00 PA6_PRINT/PA6_PRINT/PA6_PRINT             
                                                               2   1.5   18   36   90   35   4 +0.30 -0.30 PA6_PRINT/PA6_PRINT/PA6_PRINT             

i36_6x6_m1.25-Z18-36-90_m1.5-Z18-36-90_b28x40                  1  1.25   18   36   90   28   3 +0.00 +0.00 PA6_PRINT/PA6_PRINT/PA6_PRINT             
                                                               2   1.5   18   36   90   40   4 +0.30 -0.30 PA6_PRINT/PA6_PRINT/PA6_PRINT             

i36_6x6_m1.25-Z18-36-90_m1.5-Z24-48-120_b25x35                 1  1.25   18   36   90   25   3 +0.00 +0.00 PA6_PRINT/PA6_PRINT/PA6_PRINT             
                                                               2   1.5   24   48  120   35   4 +0.30 -0.30 PA6_PRINT/PA6_PRINT/PA6_PRINT             

i36_6x6_m1.25-Z18-36-90_m1.5-Z24-48-120_b28x40                 1  1.25   18   36   90   28   3 +0.00 +0.00 PA6_PRINT/PA6_PRINT/PA6_PRINT             
                                                               2   1.5   24   48  120   40   4 +0.30 -0.30 PA6_PRINT/PA6_PRINT/PA6_PRINT             

i40_8x5_m1.25-Z18-54-126_m1.5-Z24-36-96_b28x35                 1  1.25   18   54  126   28   3 +0.00 +0.00 PA6_PRINT/PA6_PRINT/PA6_PRINT             
                                                               2   1.5   24   36   96   35   4 +0.00 +0.00 PA6_PRINT/PA6_PRINT/PA6_PRINT             

i40_8x5_m1.25-Z18-54-126_m1.5-Z24-36-96_b30x40                 1  1.25   18   54  126   30   3 +0.00 +0.00 PA6_PRINT/PA6_PRINT/PA6_PRINT             
                                                               2   1.5   24   36   96   40   4 +0.00 +0.00 PA6_PRINT/PA6_PRINT/PA6_PRINT             

i40_8x5_m1.25-Z18-54-126_m1.75-Z20-30-80_b28x35                1  1.25   18   54  126   28   3 +0.00 +0.00 PA6_PRINT/PA6_PRINT/PA6_PRINT             
                                                               2  1.75   20   30   80   35   4 +0.00 +0.00 PA6_PRINT/PA6_PRINT/PA6_PRINT             

i40_8x5_m1.25-Z18-54-126_m1.75-Z20-30-80_b30x40                1  1.25   18   54  126   30   3 +0.00 +0.00 PA6_PRINT/PA6_PRINT/PA6_PRINT             
                                                               2  1.75   20   30   80   40   4 +0.00 +0.00 PA6_PRINT/PA6_PRINT/PA6_PRINT             

i35_7x5_m1.25-Z18-45-108_m2-Z20-30-80_b28x35                   1  1.25   18   45  108   28   3 +0.00 +0.00 PA6_PRINT/PA6_PRINT/PA6_PRINT             
                                                               2     2   20   30   80   35   4 +0.00 +0.00 PA6_PRINT/PA6_PRINT/PA6_PRINT             

i35_7x5_m1.25-Z18-45-108_m2-Z20-30-80_b30x40                   1  1.25   18   45  108   30   3 +0.00 +0.00 PA6_PRINT/PA6_PRINT/PA6_PRINT             
                                                               2     2   20   30   80   40   4 +0.00 +0.00 PA6_PRINT/PA6_PRINT/PA6_PRINT             

i42_7x6_m1.25-Z18-45-108_m1.25-Z24-48-120_b28x35_x+00+00+00+00   1  1.25   18   45  108   28   3 +0.00 +0.00 PA6_PRINT/PA6_PRINT/PA6_PRINT             
                                                               2  1.25   24   48  120   35   4 +0.00 +0.00 PA6_PRINT/PA6_PRINT/PA6_PRINT             

i42_7x6_m1.25-Z18-45-108_m1.25-Z24-48-120_b28x40               1  1.25   18   45  108   28   3 +0.00 +0.00 PA6_PRINT/PA6_PRINT/PA6_PRINT             
                                                               2  1.25   24   48  120   40   4 +0.00 +0.00 PA6_PRINT/PA6_PRINT/PA6_PRINT             

i42_7x6_m1.25-Z18-45-108_m1.5-Z24-48-120_b28x35                1  1.25   18   45  108   28   3 +0.00 +0.00 PA6_PRINT/PA6_PRINT/PA6_PRINT             
                                                               2   1.5   24   48  120   35   4 +0.00 +0.00 PA6_PRINT/PA6_PRINT/PA6_PRINT             

i42_7x6_m1.25-Z18-45-108_m1.5-Z24-48-120_b30x40                1  1.25   18   45  108   30   3 +0.00 +0.00 PA6_PRINT/PA6_PRINT/PA6_PRINT             
                                                               2   1.5   24   48  120   40   4 +0.00 +0.00 PA6_PRINT/PA6_PRINT/PA6_PRINT             

i42_7x6_m1.25-Z18-45-108_m1.25-Z24-48-120_b28x35_x+03-03+03-03   1  1.25   18   45  108   28   3 +0.30 -0.30 PA6_PRINT/PA6_PRINT/PA6_PRINT             
                                                               2  1.25   24   48  120   35   4 +0.30 -0.30 PA6_PRINT/PA6_PRINT/PA6_PRINT             

i42_7x6_m1.25-Z18-45-108_m1.25-Z24-48-120_b30x40               1  1.25   18   45  108   30   3 +0.30 -0.30 PA6_PRINT/PA6_PRINT/PA6_PRINT             
                                                               2  1.25   24   48  120   40   4 +0.30 -0.30 PA6_PRINT/PA6_PRINT/PA6_PRINT             

i32_8x4_m1.25-Z18-54-126_m2-Z18-18-54_b28x35                   1  1.25   18   54  126   28   3 +0.00 +0.00 PA6_PRINT/PA6_PRINT/PA6_PRINT             
                                                               2     2   18   18   54   35   4 +0.00 +0.00 PA6_PRINT/PA6_PRINT/PA6_PRINT             

i32_8x4_m1.25-Z18-54-126_m2-Z18-18-54_b30x40                   1  1.25   18   54  126   30   3 +0.00 +0.00 PA6_PRINT/PA6_PRINT/PA6_PRINT             
                                                               2     2   18   18   54   40   4 +0.00 +0.00 PA6_PRINT/PA6_PRINT/PA6_PRINT             

i32_8x4_m1.25-Z18-54-126_m2.5-Z20-20-60_b22x28                 1  1.25   18   54  126   22   3 +0.00 +0.00 POM_C/POM_C/PETG                  
                                                               2   2.5   20   20   60   28   4 +0.00 +0.00 POM_C/POM_C/PETG                  

i32_8x4_m1.25-Z18-54-126_m2.5-Z20-20-60_b25x32                 1  1.25   18   54  126   25   3 +0.00 +0.00 POM_C/POM_C/PETG                  
                                                               2   2.5   20   20   60   32   4 +0.00 +0.00 POM_C/POM_C/PETG                  

i32_8x4_m1.25-Z18-54-126_m2.5-Z20-20-60_b28x35                 1  1.25   18   54  126   28   3 +0.00 +0.00 POM_C/POM_C/PETG                  
                                                               2   2.5   20   20   60   35   4 +0.00 +0.00 POM_C/POM_C/PETG                  

i32_8x4_m1.25-Z18-54-126_m2.5-Z20-20-60_b30x38                 1  1.25   18   54  126   30   3 +0.00 +0.00 POM_C/POM_C/PETG                  
                                                               2   2.5   20   20   60   38   4 +0.00 +0.00 POM_C/POM_C/PETG                  

i32_8x4_m1.25-Z18-54-126_m2-Z24-24-72_b25x36                   1  1.25   18   54  126   25   3 +0.00 +0.00 POM_C/POM_C/PETG                  
                                                               2     2   24   24   72   36   4 +0.00 +0.00 POM_C/POM_C/PETG                  

i32_8x4_m1.25-Z18-54-126_m2-Z24-24-72_b28x40                   1  1.25   18   54  126   28   3 +0.00 +0.00 POM_C/POM_C/PETG                  
                                                               2     2   24   24   72   40   4 +0.00 +0.00 POM_C/POM_C/PETG                  

i35_7x5_m1.25-Z18-45-108_m2-Z20-30-80_b22x37                   1  1.25   18   45  108   22   3 +0.00 +0.00 POM_C/POM_C/PETG                  
                                                               2     2   20   30   80   37   4 +0.00 +0.00 POM_C/POM_C/PETG                  

i32_8x4_m1.25-Z18-54-126_m2.5-Z22-22-66_b25x35                 1  1.25   18   54  126   25   3 +0.00 +0.00 POM_C/POM_C/PETG                  
                                                               2   2.5   22   22   66   35   4 +0.00 +0.00 POM_C/POM_C/PETG                  

i32_8x4_m1.25-Z18-54-126_m2.5-Z22-22-66_b28x38                 1  1.25   18   54  126   28   3 +0.00 +0.00 POM_C/POM_C/PETG                  
                                                               2   2.5   22   22   66   38   4 +0.00 +0.00 POM_C/POM_C/PETG                  

i32_8x4_m1.25-Z18-54-126_m2.5-Z22-22-66_b30x40                 1  1.25   18   54  126   30   3 +0.00 +0.00 POM_C/POM_C/PETG                  
                                                               2   2.5   22   22   66   40   4 +0.00 +0.00 POM_C/POM_C/PETG                  

i36_9x4_m1.5-Z14-49-112_m2.5-Z22-22-66_b25x40                  1   1.5   14   49  112   25   3 +0.25 -0.25 POM_C/POM_C/PETG                  
                                                               2   2.5   22   22   66   40   4 +0.00 +0.00 POM_C/POM_C/PETG                  

i36_9x4_m1.5-Z14-49-112_m2.5-Z22-22-66_b30x40                  1   1.5   14   49  112   30   3 +0.25 -0.25 POM_C/POM_C/PETG                  
                                                               2   2.5   22   22   66   40   4 +0.00 +0.00 POM_C/POM_C/PETG                  

i36_9x4_m1-Z20-70-160_m2.5-Z22-22-66                           1     1   20   70  160   30   3 +0.00 +0.00 POM_C/POM_C/PETG                  
                                                               2   2.5   22   22   66   40   4 +0.00 +0.00 POM_C/POM_C/PETG                  

i32_8x4_m1.25-Z18-54-126_m2-Z24-24-72_b22x28                   1  1.25   18   54  126   22   3 +0.00 +0.00 PA6_CF/PA6_CF/PA6_CF                
                                                               2     2   24   24   72   28   4 +0.00 +0.00 PA6_CF/PA6_CF/PA6_CF                

i32_8x4_m1.25-Z18-54-126_m2-Z24-24-72_b25x32                   1  1.25   18   54  126   25   3 +0.00 +0.00 PA6_CF/PA6_CF/PA6_CF                
                                                               2     2   24   24   72   32   4 +0.00 +0.00 PA6_CF/PA6_CF/PA6_CF                

i36_9x4_m1.5-Z14-49-112_m2.5-Z22-22-66_b22x35                  1   1.5   14   49  112   22   3 +0.25 -0.25 PA6_CF/PA6_CF/PA6_CF                
                                                               2   2.5   22   22   66   35   4 +0.00 +0.00 PA6_CF/PA6_CF/PA6_CF                

i36_9x4_m1.5-Z14-49-112_m2.5-Z22-22-66_b25x38                  1   1.5   14   49  112   25   3 +0.25 -0.25 PA6_CF/PA6_CF/PA6_CF                
                                                               2   2.5   22   22   66   38   4 +0.00 +0.00 PA6_CF/PA6_CF/PA6_CF                

i32_8x4_m1.25-Z18-54-126_m2.5-Z20-20-60_b22x35                 1  1.25   18   54  126   22   3 +0.00 +0.00 D16T/D16T/PETG                  
                                                               2   2.5   20   20   60   35   4 +0.00 +0.00 D16T/D16T/PETG                  

i32_8x4_m1.25-Z18-54-126_m2.5-Z20-20-60_b25x40                 1  1.25   18   54  126   25   3 +0.00 +0.00 D16T/D16T/PETG                  
                                                               2   2.5   20   20   60   40   4 +0.00 +0.00 D16T/D16T/PETG                  

i32_8x4_m1.25-Z18-54-126_m2-Z24-24-72_b22x35                   1  1.25   18   54  126   22   3 +0.00 +0.00 D16T/D16T/PETG                  
                                                               2     2   24   24   72   35   4 +0.00 +0.00 D16T/D16T/PETG                  

i32_8x4_m1.25-Z18-54-126_m2-Z24-24-72_b25x40                   1  1.25   18   54  126   25   3 +0.00 +0.00 D16T/D16T/PETG                  
                                                               2     2   24   24   72   40   4 +0.00 +0.00 D16T/D16T/PETG                  

i35_7x5_m1.25-Z18-45-108_m1.75-Z20-30-80_b22x35                1  1.25   18   45  108   22   3 +0.00 +0.00 D16T/D16T/PETG                  
                                                               2  1.75   20   30   80   35   4 +0.00 +0.00 D16T/D16T/PETG                  

i35_7x5_m1.25-Z18-45-108_m1.75-Z20-30-80_b25x40                1  1.25   18   45  108   25   3 +0.00 +0.00 D16T/D16T/PETG                  
                                                               2  1.75   20   30   80   40   4 +0.00 +0.00 D16T/D16T/PETG                  

i36_6x6_m1.25-Z18-36-90_m1.75-Z18-36-90_b22x35                 1  1.25   18   36   90   22   3 +0.00 +0.00 D16T/D16T/PETG                  
                                                               2  1.75   18   36   90   35   4 +0.30 -0.30 D16T/D16T/PETG                  

i36_6x6_m1.25-Z18-36-90_m1.75-Z18-36-90_b25x40                 1  1.25   18   36   90   25   3 +0.00 +0.00 D16T/D16T/PETG                  
                                                               2  1.75   18   36   90   40   4 +0.30 -0.30 D16T/D16T/PETG                  

i40_8x5_m1.25-Z18-54-126_m1.75-Z20-30-80_b22x35                1  1.25   18   54  126   22   3 +0.00 +0.00 D16T/D16T/PETG                  
                                                               2  1.75   20   30   80   35   4 +0.00 +0.00 D16T/D16T/PETG                  

i40_8x5_m1.25-Z18-54-126_m1.75-Z20-30-80_b25x40                1  1.25   18   54  126   25   3 +0.00 +0.00 D16T/D16T/PETG                  
                                                               2  1.75   20   30   80   40   4 +0.00 +0.00 D16T/D16T/PETG                  

i35_7x5_m1.25-Z18-45-108_m1.5-Z20-30-80_b22x35                 1  1.25   18   45  108   22   3 +0.00 +0.00 PA6_PRINT/PA6_PRINT/PA6_PRINT             
                                                               2   1.5   20   30   80   35   4 +0.00 +0.00 D16T/PA6_PRINT/PA6_PRINT             

i35_7x5_m1.25-Z18-45-108_m1.5-Z20-30-80_b28x42                 1  1.25   18   45  108   28   3 +0.00 +0.00 PA6_PRINT/PA6_PRINT/PA6_PRINT             
                                                               2   1.5   20   30   80   42   4 +0.00 +0.00 D16T/PA6_PRINT/PA6_PRINT             

i30_6x5_m1.25-Z18-36-90_m1.5-Z20-30-80_b25x40                  1  1.25   18   36   90   25   3 +0.00 +0.00 PA6_CF/PA6_CF/PA6_CF                
                                                               2   1.5   20   30   80   40   4 +0.00 +0.00 D16T/PA6_CF/PA6_CF                

i30_6x5_m1.25-Z18-36-90_m1.5-Z20-30-80_b30x50                  1  1.25   18   36   90   30   3 +0.00 +0.00 PA6_CF/PA6_CF/PA6_CF                
                                                               2   1.5   20   30   80   50   4 +0.00 +0.00 D16T/PA6_CF/PA6_CF                

i30_6x5_m1.25-Z18-36-90_m2-Z20-30-80                           1  1.25   18   36   90   25   3 +0.00 +0.00 PA6_PRINT/PA6_PRINT/PA6_PRINT             
                                                               2     2   20   30   80   38   4 +0.00 +0.00 PA6_PRINT/PA6_PRINT/PA6_PRINT             

i30_6x5_m1.5-Z18-36-90_m2-Z20-30-80                            1   1.5   18   36   90   28   3 +0.00 +0.00 PA6_PRINT/PA6_PRINT/PA6_PRINT             
                                                               2     2   20   30   80   43   4 +0.00 +0.00 PA6_PRINT/PA6_PRINT/PA6_PRINT             

i32_8x4_m1.25-Z18-54-126_m1.5-Z22-22-66_b22x35                 1  1.25   18   54  126   22   3 +0.00 +0.00 PA6_CF/PA6_CF/PA6_CF                
                                                               2   1.5   22   22   66   35   4 +0.00 +0.00 D16T/PA6_CF/PA6_CF                

i32_8x4_m1.25-Z18-54-126_m1.5-Z22-22-66_b28x40                 1  1.25   18   54  126   28   3 +0.00 +0.00 PA6_CF/PA6_CF/PA6_CF                
                                                               2   1.5   22   22   66   40   4 +0.00 +0.00 D16T/PA6_CF/PA6_CF                

i32_8x4_m1.25-Z18-54-126_m2-Z24-24-72_b28x35                   1  1.25   18   54  126   28   3 +0.00 +0.00 PA6_CF/PA6_CF/PA6_CF                
                                                               2     2   24   24   72   35   4 +0.00 +0.00 PA6_CF/PA6_CF/PA6_CF                

i32_8x4_m1.25-Z18-54-126_m2-Z24-24-72_b30x40                   1  1.25   18   54  126   30   3 +0.00 +0.00 PA6_CF/PA6_CF/PA6_CF                
                                                               2     2   24   24   72   40   4 +0.00 +0.00 PA6_CF/PA6_CF/PA6_CF                

i35_7x5_m1.25-Z18-45-108_m2-Z20-30-80_b25x40                   1  1.25   18   45  108   25   3 +0.00 +0.00 POM_C/POM_C/PETG                  
                                                               2     2   20   30   80   40   4 +0.00 +0.00 POM_C/POM_C/PETG                  

i36_9x4_m1.5-Z14-49-112_m2.5-Z22-22-66                         1   1.5   14   49  112   28   3 +0.25 -0.25 POM_C/POM_C/PETG                  
                                                               2   2.5   22   22   66   40   4 +0.00 +0.00 POM_C/POM_C/PETG                  

i36_9x4_m1.5-Z14-49-112_m2.5-Z22-22-66_b28x40                  1   1.5   14   49  112   28   3 +0.25 -0.25 PA6_CF/PA6_CF/PA6_CF                
                                                               2   2.5   22   22   66   40   4 +0.00 +0.00 PA6_CF/PA6_CF/PA6_CF                

----------------------------------------------------------------------------------------------------------------------

Расшифровка колонок:
  i           — передаточное число (i1 · i2)
  T_out, Н·м  — момент на суставе (с учётом КПД η ≈ ηст^2)
  Ø, мм       — наружный диаметр (по бо́льшему венцу + стенка ~3·m)
  Lax, мм     — осевой габарит (b1 + b2 + 30 мм на водила/подшипники)
  SF_min      — минимальный запас по изгибу корня среди всех зацеплений
  SH_min      — минимальный запас по контактной прочности (как в коде GEARpie)
  SH_pess     — то же, но σHP по более слабому материалу пары (актуально для D16T+PA6-CF)
  Z_s/p/r     — число зубьев солнца / саттелита / венца
  n_s         — число саттелитов
  x_s/x_p     — смещения профиля солнца/саттелита

Норматив VDI 2736 для пластиковых шестерён: SF_min >= 2.0, SH_min >= 1.4.
======================================================================================================================